   1.0865190e+00
  -8.1045396e-01
  -6.4758208e-01
  -1.1946241e+00
   1.6032471e-01
   1.2231239e+00
  -2.6137360e-01
  -8.5830207e-01
   4.6845719e-01
  -1.1985982e+00
  -1.1985457e+00
  -1.1617968e+00
  -3.2455867e-01
   4.4146632e-01
   5.0019999e-01
  -6.2545128e-01
  -7.0269733e-01
  -7.1827978e-01
   5.8442724e-01
  -2.6342620e-01
   6.3964100e-01
   2.8017020e-01
   1.0091771e+00
   1.9716695e+00
   1.8139523e+00
   1.5500589e-01
  -1.4226339e+00
  -2.6594623e-01
  -2.1470325e-01
  -3.2458369e-01
   7.7662547e-02
   1.3375307e+00
  -5.0424155e-01
  -6.5350434e-01
   2.6569574e-01
  -2.4095126e-01
  -6.2037782e-01
   4.9578033e-01
   1.6626544e+00
  -2.3039444e-01
  -2.7197405e-02
   7.0743170e-02
   7.0110257e-01
  -4.2621170e-01
  -5.0380977e-01
  -4.9474078e-01
   7.0181964e-02
  -9.3352307e-01
   6.3214425e-02
   7.4753079e-01
  -1.5194258e+00
   1.9805599e-01
   8.3340938e-01
  -4.5129465e-01
   1.3554415e+00
  -1.5445591e-01
  -4.4443985e-01
  -4.4409123e-01
   2.9044039e-01
   1.8500634e-01
  -3.3325989e-02
  -9.3993217e-01
   4.4948635e-01
  -9.0019856e-01
  -1.6884029e-01
  -2.2640641e-01
   1.1202448e+00
   9.2963926e-01
  -5.3044292e-01
  -3.2689641e-01
  -5.3124778e-01
   1.4357992e+00
   5.6953585e-01
  -1.4799234e+00
   1.5066402e+00
   4.3989985e-01
   1.7283427e+00
   1.8316023e-01
  -7.3162999e-01
  -5.1963996e-01
   2.2882893e+00
   3.3256128e-01
  -7.8277660e-01
  -7.1527373e-01
   1.0820142e+00
   6.9597173e-01
   4.5653252e-01
  -2.5095587e-01
   5.4377335e-02
  -4.4033410e-01
  -4.5886099e-01
   7.2083493e-01
   1.3519131e+00
   1.0768867e+00
   1.2185756e+00
  -1.5536865e+00
   1.1054233e+00
   2.9328335e-01
   9.6455487e-01
  -2.3685803e-01
   1.7486801e+00
   1.2302598e-01
  -9.2311342e-01
  -4.0464477e-01
  -3.9039321e-01
   1.3155357e+00
  -6.2988341e-01
  -5.0205978e-01
  -6.7523388e-02
  -1.2861572e-01
   4.7599997e-01
  -4.1223610e-01
   7.1400108e-01
   1.8269199e-01
  -2.4842891e-02
  -7.6078264e-01
   1.0097721e+00
   1.5595874e-01
  -4.8079654e-01
   5.5737857e-01
   7.8735388e-01
   2.4287904e-01
   3.5541434e-01
   3.8670434e-01
  -1.3450385e-02
   6.6084470e-01
  -1.0127594e-01
  -8.5590191e-01
   5.1275976e-01
  -5.7782365e-01
   7.0369719e-01
   1.4552703e-01
   1.4158333e+00
   3.3846522e-01
   6.7068532e-01
   1.3599978e-01
   1.5291750e+00
   4.8259206e-01
  -1.0331443e+00
   1.7349782e+00
   8.7063752e-01
   1.1804086e+00
  -2.6783127e-01
   8.8821424e-01
  -4.4755698e-01
   3.4521461e-02
   9.0509814e-02
   5.5547178e-01
  -1.5828576e-01
  -9.6102360e-01
   1.9707993e-01
  -1.2255952e-01
  -2.7008005e-01
   3.3417814e-01
   1.3951001e-01
   4.5546771e-02
   2.5360404e-01
  -5.0086613e-02
  -5.2348217e-01
   3.8284158e-03
   2.0553710e-01
   2.9186005e-01
  -4.0823245e-01
  -1.2036680e-01
  -4.2031400e-01
  -4.4167212e-01
  -5.3035156e-01
   5.8108912e-01
   6.3514768e-01
   1.4250044e-01
  -3.3000465e-01
  -6.5752225e-01
  -5.0629035e-01
   6.1293973e-01
   1.2684672e+00
  -7.3635012e-01
   1.0264736e+00
   6.5876386e-02
  -1.1225184e-02
  -1.7174030e-01
   8.7314357e-01
  -3.8253362e-01
  -7.2719304e-01
   1.6483357e-01
   7.5196316e-01
   7.5126006e-01
   3.6488265e-01
  -8.8176376e-01
   7.3060185e-02
   9.0296892e-02
  -7.4432646e-01
   1.6666700e-01
  -1.5010750e-01
   1.4494943e+00
  -3.7594821e-01
  -3.5961184e-01
   1.0771380e+00
   9.3357319e-01
  -1.1059193e+00
   5.7892819e-01
   1.6401259e-01
  -1.2987101e-01
  -9.4604329e-02
  -1.1490768e+00
   4.7416006e-01
   1.4269577e+00
  -6.5847134e-01
  -7.4072485e-01
  -1.4866493e-01
   1.2460321e+00
  -1.2481269e+00
   8.2930289e-02
   3.9402925e-01
   1.3565226e-01
   5.4119638e-01
   1.1193925e+00
   1.2928753e+00
   7.8257979e-02
  -7.8936953e-01
   4.8626922e-01
   7.8576834e-01
   4.7303620e-01
  -6.0361521e-01
  -4.2491934e-03
   2.2042504e-01
   9.1851902e-01
  -5.5609803e-02
   8.4744262e-01
  -6.5182229e-02
   7.2568447e-02
  -9.9671027e-02
  -8.3079446e-01
   2.5675285e-01
   1.1482627e+00
  -3.6550472e-01
   1.8960730e+00
  -2.7213746e-01
  -1.0459565e+00
  -4.4459497e-01
  -1.3029050e+00
   3.4726464e-01
   3.1276824e-01
   4.8700623e-01
   5.7614072e-02
  -1.9420039e+00
  -2.1036225e-01
  -8.0284637e-01
   2.0743684e-01
  -1.9330951e-01
  -2.5785664e-01
   2.0371344e-01
  -8.7101936e-01
  -1.6426368e-01
  -1.4547415e+00
   4.3381610e-01
  -4.0042802e-01
   7.8218039e-01
  -1.0686193e+00
  -8.3917569e-01
  -2.8663271e-01
   2.2788788e+00
  -7.1707024e-02
  -3.2713220e-01
   7.0946910e-01
   1.0583808e+00
  -9.7973892e-01
  -8.2523545e-01
   1.0000472e-01
  -2.4971981e-01
  -3.5303181e-01
  -5.9549467e-01
  -2.3020381e-01
  -4.6314413e-01
   1.0854682e+00
  -4.2043717e-01
   1.5444247e-02
  -2.8140555e-01
   7.8003221e-01
  -8.1000069e-02
  -1.3583901e+00
  -1.3079902e+00
   2.4169044e+00
  -2.6807856e-01
   8.6156721e-01
  -1.1950780e+00
  -3.6709337e-01
  -7.7814694e-01
   1.0165016e+00
   1.3859148e+00
  -1.2519005e+00
   8.1269126e-01
  -1.3885137e-01
  -3.5759048e-01
   8.8908927e-01
  -6.8664700e-01
   1.9617991e-02
  -2.4956330e-01
  -7.5985285e-01
   1.0561634e+00
  -1.4709553e+00
   6.7353104e-01
   1.4957535e+00
  -9.0856873e-01
   7.8111752e-01
  -5.8631342e-01
   1.7424052e-01
   1.1720554e-01
   9.0241936e-02
   1.4094987e+00
  -3.8111554e-01
   5.8154393e-01
  -6.4507961e-01
  -1.0238660e+00
  -1.2868031e+00
  -6.6847500e-01
  -7.5517886e-01
  -1.0284021e+00
   1.3349654e+00
  -1.2549042e+00
   6.6075401e-01
   3.4603176e-01
   2.3399873e+00
  -7.6747276e-01
  -9.8687514e-01
   6.2041638e-01
  -1.2689380e+00
   5.9470864e-02
  -8.7268295e-02
  -6.9960025e-02
  -1.0921307e+00
  -1.2537648e+00
   5.7077228e-01
  -1.3843852e+00
  -7.0249374e-01
   6.5869598e-01
  -4.7259405e-01
  -5.8941460e-01
  -1.1011520e-01
  -7.4025673e-01
  -6.1545202e-01
  -5.2409716e-01
   6.9304465e-02
  -6.8188340e-01
  -6.6267121e-01
  -1.2184498e-01
   3.1337483e-01
  -8.8333060e-02
  -1.2610088e+00
  -7.4441798e-01
  -3.9923135e-01
   3.9932613e-01
   3.0417906e-02
  -5.6905587e-01
  -1.3455638e+00
  -8.7908923e-01
   1.0192986e+00
  -1.5220869e-01
  -1.4982918e+00
   4.3070829e-01
  -1.3733693e+00
   9.4632331e-01
   4.2867242e-01
  -4.7087142e-01
  -8.3534313e-01
   6.8351094e-01
   3.3170428e-02
  -3.3997474e-01
  -3.5994025e-01
   7.7700541e-01
   4.6168956e-01
  -5.0450580e-01
  -1.0005638e+00
  -6.0187720e-01
  -3.6475257e-01
   7.1193682e-01
  -1.2072194e+00
  -1.3098655e+00
   5.8365813e-01
  -1.3746621e+00
   2.4529832e+00
  -3.5143520e-01
   1.9032467e-01
  -3.9632980e-01
  -3.1193085e-01
  -5.8815342e-01
   5.8819591e-01
   1.5577853e+00
  -6.7295027e-01
   1.2800604e+00
   3.1909261e-01
  -1.3053693e+00
   1.7455170e+00
  -8.3210813e-01
  -1.2945101e+00
  -4.8755802e-01
   1.0059675e+00
   9.3825747e-01
   1.1699797e+00
   3.9223016e-02
  -5.2281425e-01
   1.9042054e-01
   6.5338036e-01
  -1.4156223e+00
  -9.6525741e-02
   1.3479471e+00
   5.2647064e-01
   1.2817754e+00
   1.0124915e+00
   3.9023889e-01
   7.6325532e-01
  -3.2369935e-01
  -5.1697485e-01
   1.0107514e+00
   6.3152852e-01
   1.6163172e+00
  -4.2769638e-01
  -2.1721161e-01
   7.7950893e-01
   2.6038927e-01
  -7.7911549e-01
  -1.1669142e+00
  -6.4579336e-02
   1.9570137e+00
   3.7565211e-01
   3.2494031e-01
  -7.0944419e-01
  -3.3582499e-01
   1.6538183e+00
  -1.4505351e-01
   8.7060932e-01
  -9.2322908e-01
   3.6158655e-01
  -1.1316791e-01
   1.2610480e+00
  -2.3208324e-01
  -8.7150208e-01
   1.2997270e+00
   5.7759540e-01
  -4.4185173e-01
  -1.8218713e+00
  -3.1168209e-01
   4.8180474e-02
  -3.3537935e-01
  -5.7569903e-01
  -6.5896627e-01
  -1.5604771e+00
   7.4066864e-01
  -1.2742535e+00
  -3.5831473e-01
  -8.9782567e-01
  -3.4448186e-01
  -9.1476475e-01
   1.3567201e-01
  -1.0734775e-01
   2.2185527e-02
  -5.3682084e-01
  -2.6697079e-01
  -9.4768530e-01
  -9.7181060e-01
  -1.0762154e+00
  -2.8527683e-01
  -6.5689106e-01
   9.0550502e-01
   2.9170575e-01
  -6.7000607e-01
  -6.1466782e-01
   8.0469622e-02
   8.8786590e-01
   1.5327785e+00
  -4.1053125e-01
   1.9998339e-01
  -1.1304932e+00
  -9.6874413e-01
   1.1309117e+00
  -7.2439947e-01
  -4.6631354e-02
  -8.1558423e-01
  -6.3169986e-01
   8.2944376e-02
   2.4425202e+00
  -1.0226513e+00
   2.0824814e-01
  -6.4299066e-01
   2.1527781e+00
   1.8576641e-01
  -2.1300646e-01
  -5.9758646e-01
   1.0899361e-01
   6.3782498e-01
   6.2317181e-01
   4.3762541e-01
  -3.3427230e-01
  -1.7280599e-02
   8.9737488e-01
   6.4355120e-01
   7.5921245e-01
  -2.7269814e-01
  -5.5051294e-01
   5.0968817e-01
  -5.3721565e-01
   8.0633393e-01
   4.7200710e-01
  -6.3995727e-01
   1.8936112e+00
   1.3490724e+00
   2.3412599e-01
  -9.0849865e-01
  -6.5272472e-01
  -1.7772616e-01
   1.1596763e+00
   4.3439750e-02
   1.0907816e+00
   8.8089793e-01
  -3.1204654e-01
   1.1955744e+00
   3.0812487e-01
   1.8301301e+00
   3.1581997e-01
   1.6587162e+00
   8.6307829e-01
  -1.7150134e-01
   9.2462925e-01
   1.0154263e+00
   1.6536121e+00
   9.9390216e-01
  -7.6537438e-01
   3.1274371e-01
  -5.3818769e-01
   1.1843687e-01
   1.2598866e+00
   1.8535052e-01
  -1.0109906e+00
   9.3129756e-01
   8.8433189e-02
  -4.6212395e-01
  -3.2902945e-01
  -2.2478209e-01
  -6.8381834e-01
  -6.8517370e-01
  -8.8160719e-01
  -9.6838207e-01
  -6.0604291e-03
  -6.4250859e-01
  -6.7258477e-01
  -9.0285364e-01
   2.1174479e-01
  -7.1552407e-01
   1.1218828e+00
   1.8879159e-01
  -1.3059834e-01
   3.3594717e-01
   9.5470638e-01
   3.1041396e-01
  -1.3256785e-01
  -2.5371278e-01
  -7.6391085e-01
   1.3917008e-01
   4.7180388e-01
   3.8495655e-01
   8.3820416e-01
   2.9957068e-01
  -2.3379210e-01
   5.2839197e-01
   5.6711318e-01
  -3.6604537e-02
  -6.9167696e-01
  -3.4161271e-01
  -1.4023209e+00
   1.7266170e-01
  -7.3977360e-01
  -1.0686261e+00
  -1.0139195e+00
   6.4776824e-01
   3.3241640e-01
  -9.1903759e-01
   1.4492834e+00
  -5.1608559e-01
  -1.6634924e-01
  -1.2525707e-01
  -8.0950800e-01
  -2.0592706e-01
  -8.8289235e-01
  -9.8574073e-02
   1.1280008e+00
  -9.2083291e-02
  -4.7101600e-01
   1.6129689e+00
   1.0628242e+00
  -4.2187379e-02
   6.7840097e-01
   5.4795694e-01
   3.4866421e-01
   1.1648426e+00
  -2.2263478e-02
   1.0762058e+00
   2.5499407e+00
  -4.5354532e-01
   5.5249648e-01
   1.3565903e+00
  -3.0017708e-01
  -5.0707018e-01
  -3.0781170e-01
  -4.4906079e-01
  -8.2633839e-01
   3.0162449e-01
   7.8201711e-02
   4.0725192e-01
  -5.6823344e-01
  -1.3376253e-02
  -1.0163570e+00
  -7.5412257e-02
   3.2514505e-01
   1.2064841e-01
   8.1892474e-01
   3.8513267e-01
   1.0758055e+00
   1.4116500e-01
   1.0680807e+00
  -5.6819153e-01
   2.1741590e-01
   6.4493183e-03
   5.4440068e-01
  -6.5615249e-01
   3.1433082e-01
   2.1371559e+00
   6.7018129e-01
   1.4321371e+00
  -5.1886701e-01
   7.9518051e-01
   2.4807796e+00
   6.2352020e-01
   2.3764678e-01
   1.2025679e+00
  -4.7364289e-01
   6.6409021e-01
   3.6808392e-01
   1.6308934e+00
  -4.0472398e-01
  -1.0272627e+00
   1.2877976e+00
   3.8582539e-02
   6.8615645e-01
  -2.4027514e-01
   4.1013345e-01
   1.9450410e-01
   2.2486610e+00
  -1.0689017e+00
   5.5115024e-01
   5.6684067e-01
   4.2745897e-01
  -1.1485314e+00
   1.4117551e-01
  -5.4751127e-01
  -1.1580330e+00
   2.7105684e-01
  -8.3760704e-01
  -1.0480534e-01
  -6.6726011e-01
  -1.2243574e+00
   7.5756605e-01
  -1.6903731e+00
   4.1774531e-01
  -9.7487662e-01
   1.0081741e-01
   6.3776889e-02
  -7.6792762e-01
   4.5852284e-01
   1.0868282e-01
  -1.9600019e+00
   4.8661908e-01
   2.1534963e-01
  -1.0544312e+00
   1.2983109e+00
   3.2484334e-01
   8.5837540e-01
  -5.4542872e-01
   3.8476879e-01
   8.9879300e-01
  -3.6315516e-01
   8.9194234e-01
  -4.7458709e-01
  -1.1812697e-01
   4.3512155e-01
   1.3256113e+00
   1.2691768e+00
   6.4854845e-01
   1.1953738e+00
   9.2580641e-02
   2.7135864e-01
  -9.3278973e-01
   1.1897892e+00
  -2.4126657e-01
  -1.2745536e+00
  -9.9886471e-01
   6.9084594e-01
  -1.9729391e-01
   3.0066430e+00
   4.3134394e-01
   2.4313873e-01
   2.1838677e+00
   3.2349237e-01
  -2.1664915e-01
  -2.6845205e-01
   7.3918526e-01
  -1.1578225e+00
  -6.7681542e-02
   1.0217532e+00
   9.6902702e-01
  -7.2884266e-02
   1.5936944e+00
   1.3582860e+00
  -4.3393780e-01
  -8.7621393e-01
   5.3755769e-01
   2.2558063e+00
  -4.2209390e-01
  -7.7795504e-01
   5.1152877e-01
  -5.8384792e-01
  -1.1277367e+00
   1.2047268e-01
  -1.1693601e-01
  -9.3306913e-01
   1.0473697e+00
   1.5079746e+00
   1.8333300e-01
  -2.4404981e-01
   4.8307321e-01
  -2.5140493e-02
  -1.1789276e+00
   1.4228167e+00
  -9.1436958e-01
   7.6345932e-01
  -9.8074978e-01
   1.3247142e+00
  -1.6692386e-02
  -8.4497559e-01
  -9.2609561e-02
   2.4470456e+00
   1.0085078e+00
   5.1134960e-01
   1.5201979e+00
   4.1450293e-01
  -6.2173434e-01
   6.2832393e-01
   3.1299858e-03
   1.7708272e+00
   5.7815352e-01
  -1.1337412e-01
   6.0006780e-01
  -8.5352177e-01
   1.5281537e+00
   1.3151628e+00
   9.3360556e-01
   4.4745430e-01
  -5.6087904e-01
   4.1360971e-01
  -3.7534622e-01
   1.4184294e+00
   2.6466123e-01
   8.0792263e-01
   9.9805779e-02
  -2.5166307e-01
  -4.2656143e-01
   1.1145331e+00
   1.5967218e+00
  -6.5610640e-01
  -7.4788702e-01
   4.0830832e-01
  -2.6759930e-01
   2.8029139e-01
  -9.3522394e-01
  -5.5830960e-01
  -3.7882791e-01
  -1.2224346e+00
  -1.0336054e+00
   1.0235277e+00
  -6.7935775e-01
  -1.1420374e+00
   5.2283471e-01
  -1.1807408e+00
   6.9798648e-01
   6.3371260e-01
   1.5239498e-01
  -5.5795204e-01
   3.1287717e-01
   4.2706402e-02
  -8.0257633e-01
   1.3642569e+00
  -4.6023884e-01
   9.1766832e-01
